1 1052.19110527
2 1045.41674017
3 1065.28852563
4 1007.19130837
5 961.934213751
6 1146.29740889
7 1012.68865344
8 990.853953413
9 1044.65472843
10 1039.01004191
11 976.796311096
12 982.046398747
13 1026.60893574
14 1019.6038709

1 998.64513852
1 950.355949644
2 975.457339536
3 975.625204239
4 943.612104029
2 940.755073288
5 1113.14201214
6 986.931166982
7 976.872888605
3 991.611644861
8 1105.71078731
9 1039.0809135
10 1002.45529203
4 1091.40222656
11 1011.92740119
12 1037.14618454
5 1070.11360155
13 998.04702456
14 1061.96623883
15 970.954044812


1 1083.32508868
2 1073.16011372
3 998.854279313
4 992.471692632
5 1111.89839235
6 1001.18315827
7 1055.22894075
8 1054.19332341
9 1066.30488044
10 1084.21025533
11 940.948169729
12 1011.55624136
13 1006.93233547
14 1025.42158171

1 993.538628023
2 1010.53427113
3 1027.32260416
4 1012.3250967
5 982.591056057
6 949.232369226
7 993.387475479
8 1063.55896454
9 1068.82980831
10 1024.93951553
11 976.503852364

4 1024.14434198
5 1016.99868728
6 971.162158688
7 1066.09412406
8 1009.76592039
9 1018.03093972
10 976.685045142
11 1083.26993038
12 988.259683585
13 1013.04077226
14 1015.27327847
15 1021.94180554
16 1031.90436161
17 1026.37450681
18 1045.6021627
19 1009.04402064
20 1069.46255395
21 983.679456996
22 1025.81119795
23 978.989058944
24 940.982051264
25 1000.71971653
26 1058.93008335
27 980.26316256

1 936.659094639
2 1033.44276408
3 935.82280779
4 1025.30093102
5 975.312152405
6 1034.65671401
7 1017.21920648
8 939.871004124
9 971.891168557
10 1073.38671882
11 1046.6179355
12 951.155602714
13 976.234508783
14 1113.59203107
15 969.878825191
16 1064.08350661
17 1107.68164995
18 946.283142227
19 940.769159019
20 1067.38630996
21 1031.25122251
22 1004.86714399
23 1033.85645184

This are the overall final results
##################################################
mu_profit: 1016.74052452
sigma:     46.2344243193
median:    1012.86471285
best:      1146.29740889
worst:     935.82280779
