1 1017.29855081
2 1022.63919442
3 1078.875577
4 1066.31963376
5 1091.6545909
6 1018.5408385
7 1014.47568366
8 1085.88737408
9 1013.41780825
10 1124.63559451
11 1051.93706103
12 1015.90339443
13 1022.67998199
14 1002.98010297
15 1100.3482028
16 1016.24115499
17 1058.67444966
18 1016.47148491
19 994.578388763
20 1069.59200758
21 1068.68280853
22 1021.82098858
23 1009.84295846
24 1015.14054145
25 1014.47081905
26 1010.99458006
27 1083.61883636
28 1005.06074498
29 1005.96308828
30 1011.66915137
31 1016.06209044
32 1014.80228042
33 1093.08179801
34 1006.03867849
35 1065.48320337
36 998.147668898
37 1016.04304883
38 1167.13491129
39 1070.3476913
40 1020.26130197
41 1002.43727689
42 1019.69355887
43 1024.15401316
44 1018.9414921
45 1018.46050655
46 1028.42489777
47 1006.79849725
48 1007.76900024
49 1086.12774713
50 1108.05821158
51 1021.77864343
52 1126.38412603
53 1091.73406495
54 995.834048754
55 1000.03676175
56 1050.76332189
57 1132.3038927
58 994.076135639
59 1012.39278845
60 1016.39413229
61 1101.02069694
62 1056.55629696
63 1019.64251186
64 1076.07905529
65 1004.2956297
66 1087.70851233
67 1006.80843756
68 1078.99628387
69 1051.31050367
70 1012.36126523
71 1004.23734634
72 1080.11684874
73 1061.37204655
74 1054.19709288
75 1012.98340327
76 1015.59425583
77 1018.95966727
78 1011.19859315
79 1094.41053504
80 1120.20882859
81 1068.79486666
82 1013.39271008
83 1022.49509063
84 1009.14176137
85 992.597627061
86 1021.80926677
87 1093.93370411
88 1003.84766907
89 1004.33050783
90 1022.75313296
91 997.851048748
92 1017.38736961
93 1011.76193013
94 1130.49676113
95 1076.1330125
96 1111.19692397
97 998.754367634
98 1003.54323168
99 1073.31371181
100 1108.79904848
##################################################
mu_profit: 1041.10772936
sigma:     40.7528532446
median:    1019.66803536
best:      1167.13491129
worst:     992.597627061
