1 1015.49056926
2 1007.874366
3 1005.92596408
4 994.703771271
5 993.022013065
6 1012.75670492
7 999.664444364
8 1010.06844017
9 1004.74066822
10 1030.8427178
11 1009.620516
12 1008.25103379
13 1011.47418489
14 997.844901096
15 1009.64862328
16 996.814259376
17 1008.56888149
18 1000.93093768
19 1003.00974481
20 1005.96973579
21 1012.6035176
22 1017.43409286
23 1014.0037384
24 987.700169035
25 1015.20540697
26 996.798972311
27 1009.64190108
28 1011.40701494
29 1013.16911315
30 1005.21897638
31 1017.13244932
32 1006.65853437
33 1004.13798361
34 1012.23715663
35 1008.48574839
36 1009.56332266
37 990.196722443
38 1007.48230533
39 1003.76058945
40 1014.96655039
41 1011.15946184
42 1001.7747203
43 1016.01089485
44 1012.17847251
45 1013.59020746
46 1009.51333499
47 1003.88077211
48 1010.95300402
49 1009.10205058
50 1003.67010092
51 1000.67563771
52 1002.61799921
53 995.838253838
54 1010.95790204
55 1005.84487265
56 1007.92031955
57 1003.69762231
58 1006.67971016
59 1010.19645957
60 1003.85423778

1 987.845831502
2 997.946310668
3 1022.9513926
4 997.628010368
5 988.902265337
6 1013.87862862
7 1007.96705374
8 1014.49787231
9 1010.70904201
10 1008.39921005
11 1005.02025413
12 1009.04818161
13 1016.29761587
14 1007.7217222
15 1001.02981286
16 997.072140419
17 1004.93840238
18 995.512847314
19 1006.2822105
20 1003.67194588
21 1008.20953348
22 1013.28825407
23 1017.11477827
24 1006.74643204
25 1003.76335962
26 1011.46913325
27 998.148402353
28 1005.61242696
29 1006.81046176
30 999.01634187
31 1009.90167367
32 1005.16228558
33 974.635675034
34 996.238194026
35 1006.0736016
36 1003.66584406
37 1005.25795776
38 1018.32913552
39 1011.93957388
40 1013.74000018
41 1014.99823528
42 1013.76931749
This are the overall final results
##################################################
mu_profit: 1006.53288378
sigma:     8.01956265119
median:    1007.60201377
best:      1030.8427178
worst:     974.635675034
