1 987.506980144
2 1092.93782882
3 1076.92348378
4 1154.39213231
5 1107.86674927
6 1074.3421484
7 986.394415782
8 974.211787521
9 1063.29458649
##################################################
mu_profit: 1062.15134462
sigma:     57.1664690267
median:    1075.63281609
best:      1075.63281609
worst:     1075.63281609
1 1106.67446125
2 998.5934195
3 963.289809982
4 1058.59606826
5 995.608553147
6 1087.58303202
7 997.817931237
8 1009.64040785
9 1004.18831017
10 986.697004667
##################################################
mu_profit: 1020.86889981
sigma:     44.4856487465
median:    1001.39086483
best:      1106.67446125
worst:     963.289809982
1 1066.83918253
2 1002.93398274
3 1012.23408103
4 984.635072888
5 1006.28931301
6 1077.60913338
7 1065.98714492
8 1000.39502275
9 1070.6240106
10 1095.60827658
11 1043.39727345
12 990.721198967
13 1086.09089864
14 1101.12854329
15 1094.03663843
16 1088.54956895
17 987.912382831
18 1072.88633881
19 1003.91619976
20 1054.36355281
21 1059.43533152
22 1071.28625632
23 1090.90970724
24 1102.47502571
25 987.907243944
26 1112.6147658
27 1003.23816594
28 1001.08620732
29 1090.37340993
30 995.6134389
31 1076.88428172
32 1001.17205928
33 1078.00887019
34 1021.5249292
35 1012.09234538
36 1065.96161208
37 1010.872946
38 1087.15347599
39 990.799430776
40 992.192430902
41 975.197205922
42 1048.87314704
43 1089.05379664
44 955.689093163
45 1005.57981875
46 1095.596226
47 989.388020598
48 1011.44955602
49 991.832705425
50 991.264367066
51 1084.09504262
52 1050.3538394
53 1035.39920683
54 1001.1678542
55 984.231291139
56 988.946563406
57 1090.92564278
58 1113.96939219
59 1089.85573958
60 1058.36477351
61 1083.31806814
62 998.437789181
63 1048.48215074
64 1009.29778708
65 1047.35394263
66 1010.6204648
67 1048.45218073
68 1070.67262699
69 1066.65919512
70 997.351057903
71 1089.82393227
72 980.435007407
73 1114.22051816
74 1007.10585047
75 1117.65623045
76 978.423845757
77 1055.3570993
78 1113.00554388
79 1058.49368244
80 1092.3823314
##################################################
mu_profit: 1042.45677922
sigma:     44.2644987562
median:    1048.67764889
best:      1117.65623045
worst:     955.689093163
