###############
naive SVM: Recurrence: 12 w_size = 100 optimizer=yes
###############
1 970.504410786
2 1008.23343929
3 1038.31447365
4 989.208214877
5 970.846685844
6 981.74287469
7 988.109567204
8 992.106139626
9 986.686434676
10 1052.67720258
11 1063.97102578
12 990.52303882
13 1005.32532193
14 1053.76188369
15 984.862864983
16 1050.04898845
17 994.73895399
18 1001.25819888
19 1068.71060427
20 971.200394688
21 1055.11671181
22 1081.44932549
23 969.664042473
24 978.993058674
25 986.615905865
26 1060.62541362
27 1039.85049128
28 992.723120268
29 971.517309912
30 1046.44668799
31 1058.66457421

1 1002.01452362
2 992.245593834
3 993.62969074
4 1029.67560342
5 986.3603506
6 991.936665038
7 1071.08562337
8 984.410099544
9 964.271559921
10 1072.33687966
11 1001.30145018
12 965.809266705
13 1078.06783167
14 1085.3518475
15 1059.4134608
16 999.684137154
17 1096.44308019
18 984.655285316
19 1035.41263115
20 1042.00274218
21 1065.70948067
22 990.462500909
23 1075.82316395
24 987.297650458
25 1000.93135215
26 1005.94556895
27 1053.09623801
28 1010.27770957
29 1094.74525837
30 998.134202183
31 1132.11190766
32 979.661812107
33 1111.32010997
34 984.695497467
35 1009.14019655
36 1106.24430052
37 1061.92260067
38 1027.41121059
39 975.783660289
40 1073.69172683
41 1063.19918023
42 1055.71432497
43 1054.74237806
44 1004.62913177
45 986.91579903
46 1061.39164728
47 980.812995121
48 999.580874979
49 985.451201682
50 1005.59721211
51 1068.8269897
52 996.564450564
53 1069.17508901
54 1083.73780838
55 976.689745171
56 1017.14177606
57 1060.75606379
58 981.819606059
59 1046.66123243
60 1112.90259057
61 989.933999158
62 980.905557272
63 971.675224844
64 988.081604653
65 1100.08568793
66 966.959367018
67 1050.88165623
68 998.412047459
69 1132.53670154
70 1099.51494579
71 1006.41352976
72 970.220679596
73 1063.80148584
74 985.917210194
75 1042.6125168
76 987.962517511
77 992.622073965
78 963.902595271
79 1062.39795434
80 1073.70875223
81 1033.83797249
82 967.709202798
83 1064.7584506
84 1042.73691608
85 1040.90615037
86 992.834894387
87 991.590512667
88 1055.80066637
89 996.804194813
90 980.586478345
91 985.39577448
92 987.540904227
93 977.004048189
94 989.129737185
95 991.250927094
96 1096.01356963
97 1000.84202566

This are the overall final results
##################################################
mu_profit: 1022.03601922
sigma:     43.0024701103
median:    1003.32182769
best:      1132.53670154
worst:     963.902595271
