1 990.288293519
2 1005.01156594
3 1012.70636004
4 1003.41680898
5 967.884938446
6 994.463314386
7 1012.08287454
8 957.925075009
9 972.813431951
10 1011.81198057
11 984.309936333
12 976.260610707
13 958.441450696
14 995.424828825
15 1015.9711396
16 993.248758098
17 1003.77527578
18 998.13289581
19 992.565053301
20 999.921783831
21 997.360077459
22 1077.67088442
23 976.308814797
24 998.328971302
25 1011.53125415
26 984.271916262
27 1009.17488479
28 975.636289417
29 969.421263018
30 974.874277727
31 988.686945454
32 989.267154023
33 1018.97492829
34 1000.46839135
35 1001.13941404
36 1011.13435101
37 1003.35559131
38 1005.02128335
39 969.988674436
40 973.458416862
41 1002.32747793
42 974.538979202
43 1009.50520057
44 994.037036251
45 983.12541321
46 971.808106351
47 988.958950907
48 965.930167779
49 999.271194769
50 1000.91569336
51 973.198564387
52 982.873996777
53 1004.41757502
54 988.393209511
55 988.525556825
56 956.872451464
57 996.62708202
58 986.015819916
59 1009.76387596
60 1000.23095186
61 952.080705066
62 978.118065737
63 969.224991181
64 1007.1107397
65 1010.50948214
66 972.825260426
67 973.315516711
68 955.509187652
69 998.655421892
70 973.100733405
71 998.327845365
72 978.396503591
73 990.120578668
74 971.089839348
75 975.592027706
76 998.865608006
77 1006.34718414
78 977.529071876
79 988.644313047
80 1007.79484089
81 1006.90861569
82 1007.77006951
83 1074.33373118

This are the overall final results
##################################################
mu_profit: 991.952262612
sigma:     20.9169278786
median:    993.248758098
best:      1077.67088442
worst:     952.080705066
