##################################################
mu_profit: nan
sigma:     nan
median:    nan
best:      0
worst:     2000
##################################################
mu_profit: nan
sigma:     nan
median:    nan
best:      0
worst:     2000
1 987.845831502
2 997.946310668
3 1022.9513926
4 997.628010368
5 988.902265337
6 1013.87862862
7 1007.96705374
8 1014.49787231
9 1010.70904201
10 1008.39921005
11 1005.02025413
12 1009.04818161
13 1016.29761587
14 1007.7217222
15 1001.02981286
16 997.072140419
17 1004.93840238
18 995.512847314
19 1006.2822105
20 1003.67194588
21 1008.20953348
22 1013.28825407
23 1017.11477827
24 1006.74643204
25 1003.76335962
26 1011.46913325
27 998.148402353
28 1005.61242696
29 1006.81046176
30 999.01634187
31 1009.90167367
32 1005.16228558
33 974.635675034
34 996.238194026
35 1006.0736016
36 1003.66584406
37 1005.25795776
38 1018.32913552
39 1011.93957388
40 1013.74000018
41 1014.99823528
42 1013.76931749
